0; 0 0.742811119523711
   -0.3208055105060339
   -0.8367073782719672
   0.0834094644524157
   0.5913974917493761
   0.14688619878143072
   0.23218310112133622
   -0.6991607812233269
   0.4312329851090908
   0.5826859115622938
0; 1 0.4651549139603626
   -0.2572620236314833
   0.2356949825771153
   -0.2555552488192916
   -0.09849360026419163
0; 2 0.678850959739136
   -0.21311564045026898
   0.13643393339589238
   0.9416931844316423
   -0.5310594504699111
   -0.9554139161482453
0; 3 0.8542709645331241
   0.17925892351195216
   -0.9940617787651718
   0.3632180984131992
   0.6661398308351636
   -0.6988120023161173
0; 4 0.8040991088246823
   0.7948006950318813
   -0.36871428694576025
   0.33616538904607296
   0.32606284879148006
   -0.8850765135139227
   0.2965596788562834
   0.7664123582653701
0; 5 0.6463531716226627
   0.8232867508195341
   -0.3161280653439462
   -0.039509893860667944
   0.11028263345360756
   0.7373499372042716
   0.5082592680118978
   -0.4043509643524885
   0.28874201560392976
0; 6 0.6463091020797789
   -0.7350624352693558
   0.940636002458632
0; 7 0.8709006165077381
   0.18395105423405766
   -0.39996288856491446
   -0.9964007958769798
   0.09862426482141018
   0.7297754134051502
   0.9546667761169374
   0.7575587402097881
0; 8 0.7983843237280639
   0.7277768454514444
   -0.772752373944968
   0.4796747169457376
   -0.753839495126158
   0.6674663564190269
   -0.2895632670260966
   0.3276868755929172
   0.2415543543174863
0; 9 0.3166571733796518
   -0.40197620866820216
0; 10 0.5193630940007804
   0.4977203099988401
   -0.2970252255909145
   0.8499432960525155
0; 11 0.8646026266573295
   0.25358034996315837
   0.4561109207570553
   -0.14092659298330545
   0.7031019288115203
   0.2248711702413857
   -0.050961581990122795
   -0.7301597818732262
   -0.39130388433113694
   0.8848600150085986
   -0.6441004704684019
0; 12 0.3558797726754489
   0.10654789721593261
   -0.7301293816417456
   -0.4145081778988242
   -0.36830556439235806
   0.5137243899516761
0; 13 0.5351120583397575
   -0.02686495240777731
   -0.36321149161085486
   -0.5594928618520498
   -0.04600134678184986
   -0.06422936916351318
   -0.9846389228478074
0; 14 0.3936151995292239
   -0.19502094853669405
   -0.10713173495605588
   -0.6932446379214525
   -0.1538870041258633
   -0.4642990534193814
   -0.22133495332673192
   0.13876549853011966
   0.2859899247996509
0; 15 0.4506312859021851
   0.3990818061865866
   -0.5236084847711027
0; 16 0.6731276484795733
   0.9472705745138228
   0.17110981792211533
   -0.24222275940701365
   -0.021404145751148462
   0.20446115219965577
   0.5980467991903424
   -0.24450011644512415
   0.6849951352924109
0; 17 0.4953310959380867
   -0.5766748669557273
   0.6016723541542888
0; 18 0.8927368774074063
   0.9731194693595171
   -0.5104719740338624
   0.45478581730276346
   -0.7605253667570651
   -0.7082675397396088
0; 19 1.1281898964118116
   -0.575647784397006
   -0.1498701637610793
   0.9485648833215237
   -0.904230001848191
   0.7249382571317255
   -0.15815665945410728
   0.4116242569871247
   -0.5223434921354055
   0.9802027111873031
0; 20 0.29073775644986627
   0.9543525073677301
   0.4501698212698102
0; 21 0.6299239773929863
   -0.711222970392555
   -0.7596837859600782
   -0.468297497369349
   -0.340670854318887
   0.023604994174093008
   0.7125294608995318
   0.5777846253477037
0; 22 0.6783046697779025
   -0.891944635193795
   0.7803728524595499
   -0.12444384768605232
0; 23 0.8343834579686691
   -0.6394199854694307
   -0.6175200408324599
   -0.9247093582525849
   0.9186288490891457
0; 24 0.8533202769368524
   -0.4139755079522729
   0.3362559089437127
   0.14535572985187173
   -0.629680851008743
   0.36998520232737064
   0.18126530572772026
   -0.8149482300505042
   0.46229237457737327
0; 25 1.1891054009885387
   0.9319178657606244
   -0.7854214538820088
   0.6440257369540632
   0.29934388352558017
   -0.06787427747622132
   0.6688936706632376
   -0.7805883646942675
   0.9718910683877766
   -0.8956770463846624
   -0.12881252309307456
0; 26 0.7584461140274424
   0.655821134801954
   0.6833489863201976
   -0.6919780438765883
   -0.9350998234003782
   -0.6358968592248857
   -0.3367152074351907
   -0.2314061070792377
0; 27 1.0777259796533145
   0.8319824477657676
   -0.8818348436616361
   -0.49561136215925217
   -0.37753709591925144
   -0.018151425290852785
   -0.9831301313824952
   0.7739983615465462
   0.3725587297230959
0; 28 0.28597110093550365
   -0.4895777562633157
0; 29 0.15660311315781825
   0.8371710670180619
   0.06080321269109845
0; 30 0.24789235411194216
   -0.8399303308688104
   -0.2788842273876071
   -0.14309626491740346
   0.2834137314930558
0; 31 0.566047493463256
   0.10560214333236217
   0.575367467943579
   -0.9766682111658156
0; 32 0.646712218798384
   -0.16950827790424228
   -0.1815432095900178
   0.41864599008113146
   -0.8873189459554851
   0.3284198031760752
   0.19829470477998257
0; 33 0.7127366997691641
   0.22607276076450944
   -0.08323225053027272
   0.1155651225708425
   -0.12683986173942685
   -0.4387051686644554
   0.4778920146636665
   0.6028348882682621
   0.30162016302347183
   -0.9864483559504151
0; 34 0.5818956267431415
   0.43349549639970064
   -0.6273046066053212
   -0.8908082102425396
   -0.8080235617235303
   -0.05837005050852895
0; 35 0.3967770303668126
   0.6122478558681905
   -0.2907006461173296
0; 36 0.10116704951651097
   0.7474834388121963
   0.25019171880558133
0; 37 0.5281931772821706
   -0.1266148961149156
   -0.16315930522978306
0; 38 0.5485281089109182
   0.6835564053617418
   0.22520245192572474
   0.6533549525775015
   0.2704744804650545
   0.5997600327245891
   -0.31692351028323174
0; 39 0.21359968603719492
   -0.7450584936887026
0; 40 0.4899128287245492
   0.5741655109450221
   0.9099700697697699
   0.46249677799642086
   -0.5690309382043779
0; 41 0.7739337541084627
   0.3873823191970587
   0.6154805943369865
   -0.3858536183834076
   0.6244658823125064
   -0.7219967604614794
   0.1824178257957101
   0.7016104836948216
0; 42 0.8072416695563346
   -0.9516485380008817
   -0.42681644624099135
   0.8667670055292547
   0.3830706626176834
   -0.48885560035705566
   -0.8193839322775602
0; 43 1.1444337873666075
   -0.9317052634432912
   0.0596802094951272
   -0.0929340454749763
   0.6140440930612385
   -0.7906915498897433
   0.038429437670856714
   0.8993816315196455
   0.6660690745338798
   0.11903635319322348
   -0.9328331472352147
0; 44 0.26453402714815927
   -0.36209374479949474
   0.1975429430603981
   0.14872752130031586
   0.724110750015825
0; 45 0.44608316076877597
   -0.9380051284097135
   -0.6118897488340735
   -0.05677457666024566
   -0.12234249152243137
   0.11907091503962874
   -0.23743628477677703
   -0.24129924923181534
0; 46 0.7909801063802508
   -0.48139790911227465
   -0.34355816105380654
   0.4424361139535904
   0.5868125068955123
   0.9540036292746663
   -0.24781257612630725
   -0.6769653488881886
   -0.5772955268621445
0; 47 0.579853093816116
   -0.17453586775809526
   -0.05557909654453397
   -0.4502979628741741
   0.5465594697743654
   -0.5168550051748753
0; 48 0.6374102174355946
   -0.17018045345321298
   -0.33302046125754714
   -0.9044463965110481
   0.8837151676416397
0; 49 0.31051834190611394
   0.6729699089191854
   -0.14129778277128935
0; 50 0.13909036395351526
   -0.49202920077368617
   -0.6872946680523455
0; 51 0.7734054979263872
   -0.45790766924619675
   0.9706177460029721
   0.6514756721444428
   0.0551901375874877
   -0.9007171210832894
0; 52 0.2661631778046319
   -0.5512623605318367
0; 53 0.4091631374506896
   0.44731228705495596
   -0.23552875639870763
0; 54 0.8798671596601406
   0.3835522700101137
   -0.1402524383738637
   -0.9588196724653244
   0.640860375482589
   0.8439083145931363
   -0.2771609048359096
   -0.13223784510046244
   -0.200504875741899
   0.36399872973561287
0; 55 0.6786493881185651
   0.5903910775668919
   0.756693119648844
   0.7108798399567604
   0.8491185763850808
0; 56 0.781391640860581
   0.28941052593290806
   0.9458993980661035
   -0.9514184682630002
   0.5414956980384886
0; 57 1.216096399113059
   0.5657642972655594
   -0.23219599341973662
   0.6953757312148809
   0.9772625016048551
   0.9033578238449991
   -0.8481393083930016
   0.7632734444923699
   -0.3657464790157974
   0.2122330730780959
   -0.0038862889632582664
0; 58 0.26185551481681846
   0.5653224284760654
0; 59 0.39183971680307955
   -0.6992290434427559
   0.4445067849010229
   0.2408534442074597
0; 60 1.0936838263759683
   0.5552939199842513
   -0.7417735308408737
   0.4443159312941134
   0.1226353058591485
   0.09926847275346518
   0.6259398446418345
   -0.8841096861287951
   -0.48101430712267756
   0.6929148114286363
   0.7563273273408413
0; 61 0.9105073673965507
   0.9570285500958562
   0.4426980041898787
   -0.024215420242398977
   -0.9437812329269946
   -0.6924469983205199
   0.8191493931226432
   0.4651353135704994
0; 62 0.5540240146641099
   0.7430075905285776
   -0.6648820429109037
0; 63 0.6052046046209278
   0.1118968571536243
0; 64 0.7691560247540504
   -0.8583527919836342
   0.23280880507081747
   -0.3949217558838427
   -0.07662328239530325
   0.014371679164469242
   0.28750935941934586
   -0.37767277425155044
   0.5164857818745077
   0.9125970331951976
   -0.036042049527168274
0; 65 0.7351487719823896
   -0.05468721641227603
   -0.9654960506595671
   -0.06834247941151261
   -0.27941633062437177
   -0.30463196570053697
   0.9848458576016128
0; 66 0.5604330078038832
   0.020720552187412977
   -0.7220147191546857
   0.5148069090209901
   0.9961134796030819
0; 67 0.26629467092607567
   -0.5508362562395632
0; 68 0.8057031709746622
   -0.6362369451671839
   0.8543273541145027
   0.4055324154905975
   -0.4806500314734876
   -0.052558918949216604
   0.32937117014080286
   -0.7299520699307323
   0.3030008003115654
0; 69 0.3521298571451423
   -0.2475515455007553
   0.7427834761328995
0; 70 0.23280486981068513
   -0.5792581755667925
   -0.005752012599259615
   0.06444052886217833
   0.06197678158059716
0; 71 0.11786222405143745
   0.6790449908003211
   0.18429583124816418
0; 72 0.7561018471915055
   -0.38298588106408715
   0.7964094979688525
   -0.9370124232955277
0; 73 0.6471651806589293
   0.06928450660780072
   -0.707254737149924
   -0.5405757576227188
   0.9560891897417605
0; 74 1.0153121674945411
   -0.6668277950957417
   0.05407256493344903
   -0.798675047699362
   0.08968768175691366
   0.6485575614497066
   0.5613561226055026
   -0.8143008551560342
   -0.2684407103806734
   0.9060581345111132
0; 75 0.3883331237027485
   -0.2587153078056872
   -0.24359349394217134
   -0.16045964043587446
0; 76 0.7452842150979968
   -0.0224625151604414
   -0.08619370870292187
   0.14325986383482814
   -0.14375669229775667
   0.7196282059885561
   -0.5396680934354663
   -0.5462675113230944
   0.13739138143137097
   -0.6995915011502802
   0.588000656105578
0; 77 0.49042685838119915
   -0.21897552208974957
   -0.5477626621723175
   0.31337379198521376
   -0.5073384307324886
   -0.8273825780488551
   -0.5187571328133345
0; 78 0.6303892692405986
   0.8121937336400151
   -0.8491864278912544
   -0.6788266110233963
0; 79 0.6276714760784065
   0.8574686856009066
   0.8053934667259455
   -0.5610304088331759
   0.3903646506369114
0; 80 0.49414558454028823
   -0.03890946926549077
   0.5158053026534617
   0.46681299759075046
   0.9796298565343022
0; 81 0.9617094721366132
   0.2686980739235878
   0.6877568978816271
   -0.5964084365405142
   -0.8886618511751294
   -0.10912467399612069
   -0.09183366922661662
   0.8796617458574474
   -0.7058205837383866
0; 82 0.5963882138848353
   0.6407818384468555
   0.4244058355689049
   -0.9674288551323116
0; 83 0.4392930271015324
   -0.05342821730300784
   0.7112840968184173
   0.7546698921360075
   -0.234479745849967
   0.4818893577903509
0; 84 0.8287570733928098
   -0.8385460786521435
   0.9684403357096016
   -0.19077991181984544
   -0.7418077611364424
   -0.5376949324272573
0; 85 0.43428841291780285
   -0.2757305046543479
   0.17550778202712536
0; 86 0.7779271664902883
   0.5861592497676611
   -0.8810368473641574
   0.4345914269797504
   -0.5672099608927965
   0.9839716795831919
   -0.16035724338144064
   0.10352554963901639
   0.2511476557701826
   -0.07467009965330362
0; 87 0.7109116379645327
   -0.006086493376642466
0; 88 0.3173113380949327
   -0.6204620720818639
   0.13023604732006788
0; 89 0.7749987513659238
   0.3286401298828423
   0.2790143978781998
   0.19173284713178873
   -0.4530882714316249
   -0.6841749888844788
   -0.5612296694889665
   -0.8768047555349767
   -0.7974710767157376
   0.3605231298133731
   0.0605318290181458
0; 90 0.6859594006813878
   -0.3979802178218961
   -0.05366514157503843
   -0.4237190932035446
   0.37807568768039346
   -0.2533888812176883
   -0.9557019770145416
   0.6221142504364252
   0.42163237649947405
   0.11760951112955809
   -0.08042741473764181
0; 91 0.9123062016866278
   -0.5271396543830633
   -0.9739976371638477
   -0.5428147446364164
   -0.5565590765327215
   -0.7833185200579464
   0.5386285400018096
   0.6810381948016584
   0.056802275124937296
   0.016446347814053297
   -0.32377256779000163
0; 92 0.5920484895390874
   0.39637611294165254
   -0.5789218149147928
   -0.5037487996742129
   -0.3537138528190553
   -0.095855669118464
   0.17380289873108268
   0.23353534890338778
   0.45315334014594555
   0.7702223020605743
0; 93 0.6952887030182369
   0.24845671840012074
   -0.5486181131564081
   0.8872730219736695
   -0.3562605367042124
   0.34261940885335207
   -0.9565018722787499
0; 94 0.5821588824137025
   0.7428060420788825
   -0.3678095038048923
   -0.5733270738273859
   0.23889340599998832
   0.5783061706461012
   -0.14746230887249112
   0.334745938424021
0; 95 0.4835876225168145
   -0.23363272193819284
0; 96 0.6003335493557287
   0.6885790503583848
   -0.28751707868650556
   -0.31662672245875
   0.904952990822494
0; 97 0.6371023869402564
   0.5734005966223776
   -0.4406268890015781
   0.6967743407003582
   0.04215765092521906
   0.19388938462361693
   -0.96055066306144
   0.14666145108640194
   -0.3460793262347579
   0.20155096612870693
0; 98 0.3340921675261618
   0.031067909207195044
   -0.44320262176916003
   -0.6732887248508632
   -0.36322196712717414
   -0.27927725249901414
0; 99 1.1191197251671117
   -0.9452818548306823
   0.9449880965985358
   -0.11472875066101551
   -0.2152681602165103
   0.6279545575380325
   0.28459340473636985
   0.3395574730820954
   -0.7254721322096884
   -0.774201060179621
   -0.2411551815457642
--------------------------------

0; 82 0.09825508567657777
   0.6408343720249832
   0.4244058355689049
   -0.032571145333349705
1; 161 0.12795359000909196
   0.6221160353161395
   0.4216326451860368
   0.11760951112955809
   -0.08034806651994586
1; 107 0.14357609419755643
   -0.28341380413621664
   -0.14401311054825783
   0.2836157726123929
   0.5653125988319516
1; 133 0.15423280625308416
   -0.5779543509706855
   -0.6016722065396607
1; 109 0.17304557378263027
   0.14872752130031586
   -0.7243316620588303
   -0.5519687556661665
1; 159 0.19143019678412923
   0.849118578247726
1; 106 0.19321692803303245
   -0.8399300281889737
1; 104 0.20552149208464268
   -0.7450538068078458
   -0.5847904304973781
   -0.005752012599259615
1; 117 0.21983111915065745
   0.718931735958904
1; 153 0.22274849753484743
   0.9406592976301908
1; 146 0.2274045821290924
   0.6885790377855301
1; 110 0.26625969746783423
   -0.5509495879523456
1; 135 0.27476138657596405
   0.8499432960525155
   -0.12338510435074568
   -0.16315991571173072
1; 111 0.2787086298017026
   -0.5116637442260981
1; 112 0.290221197373276
   0.9537977920845151
   0.4501915886066854
1; 114 0.3135304198935848
   -0.41052379040047526
1; 115 0.33119679493825144
   -0.5670379283837974
   0.13023604778572917
1; 168 0.3343487927598214
   -0.3830174352042377
1; 126 0.3655280491120338
   -0.9380051284097135
   -0.6118889851495624
   -0.05646858364343643
   -0.1223421199247241
   0.11725720949470997
1; 155 0.36903189168115297
   0.3161280653439462
   0.19828675081953406
1; 121 0.3742877531420933
   -0.19502100395038724
   -0.09611299587413669
   -0.7130053625442088
   -0.15388701856136322
   -0.30497905192896724
   -0.2213352764956653
   0.138765474781394
   0.30077095655724406
1; 119 0.3885756870314323
   -0.730130871757865
   -0.41450818814337254
   -0.31916135223582387
   0.5138133764266968
   -0.25871404400095344
   -0.24359349394217134
   -0.1604198762215674
1; 189 0.3898839365227137
   -0.5451178490184247
   0.8191494005732238
   0.4643805301748216
1; 147 0.3918853450367019
   -0.28751755971461535
   -0.3181389030069113
   0.9125170782208443
   0.1118969595991075
1; 122 0.3973246703078842
   0.6122508905827999
   -0.29194552544504404
1; 129 0.39841055083867344
   -0.2555552488192916
   -0.09849359979853034
   -0.23358038300648332
1; 143 0.4078610998928246
   -0.14746230887249112
   0.3347463356330991
1; 113 0.4086624657743901
   0.3251698212698102
   -0.14129651570692658
1; 137 0.4096934539339685
   0.6055385083891451
   -0.31786955427378416
1; 199 0.4153730229857023
   0.7631561160087585
   -0.25926011241972446
   0.21223441464826465
   -0.003886292688548565
1; 120 0.4185177576838979
   -0.6992084537632763
   0.44450680864974856
   0.09633495286107063
1; 131 0.42627335939497063
   -0.5375089854933321
   -0.8273895038291812
   -0.5187462093308568
1; 125 0.4385138706923015
   0.7112840968184173
   0.7551655326969922
   -0.2344797421246767
   0.48189915576949716
1; 108 0.43946621693909965
   -0.30126236053183675
   0.22411075048148632
1; 134 0.4470915906253392
   0.33503430476412177
   -0.2972132293507457
1; 128 0.44921692412876524
   -0.25726202968508005
   0.24525639973580837
1; 123 0.4538762792379243
   0.4474389269016683
   -0.3877521441318095
1; 165 0.4563271375897924
   -0.2794544086791575
   -0.3019822505302727
   0.9848647387698293
1; 124 0.4564475038658717
   -0.2757400367408991
   0.17550777411088347
   -0.05344437342137098
1; 100 0.46633647929979366
   0.7473447932861745
   0.2501847450621426
   0.6251917188055813
1; 101 0.46975043173350856
   0.24748343881219625
1; 170 0.48502005486449007
   -0.8580719418823719
   0.2260733162984252
   -0.39492175448685884
   -0.07625725399702787
   0.014371864032000303
   0.28750936686992645
   -0.41259703366085887
1; 172 0.493813669804691
   0.4394681705161929
   0.6155280126258731
   -0.3900289237499237
   0.6244655386544764
1; 132 0.4941453958268967
   -0.03890686808153987
   0.5158048388548195
   0.466812985483557
   0.9796303510665894
1; 116 0.4976262011413476
   0.031067918054759502
   -0.4431997388601303
   -0.6738477479666471
   -0.36322196712717414
   -0.7017112756147981
   -0.2475322443060577
1; 178 0.510537738524651
   0.7948004077188671
   -0.3687142855487764
   0.33615617314353585
   0.32606504345312715
1; 182 0.5127814629245517
   0.6395142655819654
   -0.6175201972946525
1; 127 0.5206025045901962
   -0.12234249152243137
   -0.24427457666024566
   0.39908179733902216
   -0.5239426284097135
1; 151 0.5293693261622028
   0.1878062658943236
1; 138 0.5354067478512583
   0.7382615199312568
   -0.6258180909790099
1; 175 0.5381029992583403
   0.9458993971347809
   -0.19708815310150385
   0.541495697107166
1; 149 0.554523548611326
   -0.7596837859600782
   -0.46829756489023566
   -0.3406708282418549
   0.02360532572492957
   0.7121846578083932
   0.5706492275930941
1; 102 0.5561396343876551
   -0.49201659206300974
   -0.6872992413118482
   0.8361428319476545
1; 139 0.560041259686647
   0.027985280845314264
   -0.7220147214829922
   0.5148069099523127
   0.9961281507275999
1; 167 0.5640023682922439
   0.0834094644524157
   -0.699591500684619
   0.5883836350403726
1; 140 0.5691590909066121
   0.10814500181004405
   0.5778094711713493
   -0.9803661000914872
1; 144 0.5733834748684637
   0.3963839327916503
   -0.5789218153804541
   -0.5037494115531445
   -0.3547712527215481
   -0.09585568169131875
   0.17372086644172668
   0.23244710080325603
   0.09585861768573523
   0.770217758603394
1; 194 0.5739724589805281
   0.5552939511835575
   -0.3664239402860403
   0.44422213174402714
   0.1226351885125041
   0.0992681379429996
   0.6259397696703672
1; 141 0.58914992669943
   -0.17453661607578397
   -0.06160870520398021
   -0.476668206974864
   0.575367467943579
   -0.5221060500480235
1; 181 0.5899088680269153
   0.9684403385035694
   -0.19085018197074533
   -0.7418074435554445
   -0.5376951056532562
1; 145 0.5958317903169712
   0.6404675492085516
   0.4226718940772116
   -0.9674288551323116
1; 157 0.6074201183983375
   0.20446114847436547
   0.6000492423772812
   -0.24450011644512415
   0.930715492926538
1; 118 0.6275123495864013
   0.08956730598583817
1; 105 0.652514996590097
   0.06444052793085575
   0.004941506311297417
1; 103 0.6562483803934686
   0.0608031852170825
1; 130 0.6652750718383524
   0.6758343894034624
   0.9094138275831938
   0.46141156926751137
   -0.569030893035233
   -0.21883890079334378
   -0.5477719088084996
   0.18662661034613848
1; 163 0.7094142130106645
   -0.007585382089018822
1; 162 0.7132216366400638
   0.24845672165974975
   -0.5502519169822335
   0.9090256588533521
   -0.3562605367042124
   0.3627269775606692
   -0.956501757260412
1; 185 0.7499234082986923
   0.22493527457118034
   -0.051187998149544
   -0.6661398313008249
   -0.3915384113788605
   0.8846867782995105
   -0.6792589239776134
1; 148 0.7839123071169282
   0.8574686921201646
   0.8053944511339068
   -0.5548549946397543
   0.3903649295680225
   -0.7112174252979457
1; 152 0.7894479810239073
   -0.170692122541368
   -0.2649375651963055
   -0.904436603654176
   0.8833746751770377
   -0.7392704612575471
1; 174 0.799955613885146
   0.5874105514958501
   -0.8809838979505002
   0.4458928988315165
   -0.5696839638985693
   0.983923636842519
   -0.1261476562358439
   0.10352525021880865
   0.25117755541577935
   -0.01602832041680813
   0.28941637836396694
1; 197 0.8027806576123698
   0.724940522108227
   0.89938162593171
   0.695966366212815
   0.11903636995702982
   -0.9328331481665373
1; 180 0.8030657429644907
   -0.9623045935295522
   -0.4267606567591429
   0.19077776558697224
   0.38307066541165113
   -0.48885555984452367
   -0.8193839322775602
   -0.8385412693023682
1; 192 0.8431298305271786
   -0.67695845477283
   -0.054072570987045765
   -0.2015070803463459
   0.08968766778707504
   0.6275370954535902
   0.5581110194325447
   -0.8143008565530181
   -0.2694824794307351
   0.9060581345111132
1; 136 0.846121970369216
   0.026866858825087547
   -0.363211490213871
   -0.5594815742224455
   -0.04593307804316282
   -0.22520245239138603
   -0.9960564058274031
   0.6835564007051289
   0.2747975876554847
   0.664936154615134
   0.2704631928354502
1; 177 0.8482392985405035
   -0.7727523744106293
   0.4797271420247853
   -0.7508786297403276
   0.6674661743454635
   -0.2900923644192517
   0.31269183568656445
   0.48139790864661336
1; 186 0.8702329690971812
   0.1839520144276321
   -0.399967766366899
   -0.9964007954113185
   0.0978390951640904
   0.7297754236496985
   0.953360375482589
   0.7575586284510791
1; 187 0.8719567611593143
   0.3835522262379527
   -0.13988522998988628
   -0.9586608042009175
   0.6425011921674013
   0.7292089611291885
   -0.27733520278707147
   -0.13189884275197983
   -0.20050487061962485
   0.36683019530028105
1; 156 0.8908382526128414
   -0.06500486470758915
   -0.7072547236457467
   -0.5406250758096576
   -0.9569768360815942
   0.9475048165768385
   0.07816025894135237
   -0.1711098183877766
   -0.025470915250480175
1; 176 0.901543975705799
   -0.4813978923484683
   -0.3435560166835785
   0.2895632665604353
   0.5825336431153119
   0.9540348071604967
   -0.2296747174113989
   -0.6769699165597558
   -0.5772946681827307
   0.7277768440544605
1; 190 0.906410436581944
   -0.5272116437554359
   -0.9739977791905403
   -0.5429319562390447
   -0.5451722014695406
   -0.888661842327565
   0.5339084765873849
   0.6810384411364794
   0.05680229468271136
   0.016446339897811413
1; 184 0.9238812996886105
   0.6441004443913698
   -0.9940614933148026
   0.36260236566886306
   0.6658916249871254
   -0.6989108007401228
   0.2535803494974971
   0.4560777582228184
   -0.14092659298330545
   0.7031022938899696
1; 154 0.9346417153091741
   0.8232867177575827
   -0.31612801691517234
   -0.03950989339500666
   0.11260400945320725
   0.7373503227718174
   0.669569312594831
   -0.46128840278834105
   0.28874138183891773
   -0.16950819082558155
   -0.1815419695340097
   0.42096736608073115
   -0.8873189678415656
1; 171 0.9584149501219998
   0.5164857818745077
   0.9125837259925902
   -0.03604451613500714
   -0.4579031029716134
   0.970666250679642
   0.6514756730757654
   0.0551901375874877
   -0.860397205222398
1; 191 0.963899551721351
   -0.3207585853524506
   0.26869806880131364
   0.6939618047326803
   -0.5963812260888517
   -0.8885564804077148
   -0.11905907653272152
   -0.09183366829529405
   0.8795179878361523
   -0.7058200743049383
1; 166 0.9779271636671016
   -0.3208113117143512
   -0.836724417284131
   0.08340948075056076
   0.5914278011769056
   0.10312365461140871
   0.21962820598855615
   -0.6991607802920043
   0.4312335439026356
   0.4108108635991812
   -0.0224625151604414
   -0.08619543351233006
   0.14325958117842674
   -0.14375669322907925
   0.7196281077340245
   -0.5396680915728211
   -0.5336025082506239
1; 158 0.9880660064146171
   -0.8959935768507421
   0.7803728524595499
   -0.12388062011450529
   0.5903910775668919
   0.7566930465400219
   0.7178728524595499
1; 164 0.9943346474402219
   0.015154141932725906
   -0.08306334679946303
   0.2794163301587105
   -0.06834247941151261
   -0.43870515935122967
   0.47851534094661474
   0.5135516445152462
   0.19837983651086688
   -0.9864501277916133
   -0.9778920151293278
   -0.9654843434691429
   -0.06651951372623444
1; 193 1.0443367319572636
   0.7315593822859228
   -0.8818348250351846
   -0.4956507133319974
   -0.3775371643714607
   -0.01815447909757495
   -0.986175050958991
   0.7739983582869172
   0.36442220490425825
1; 173 1.06603659599152
   -0.7213859194889665
   0.18184087052941322
   0.7016100757755339
   0.32755426177755
   0.2790143978781998
   0.8082693545147777
   -0.4496726179495454
   -0.6841268106363714
   -0.5612297300249338
   -0.6236113905906677
   -0.8119039237499237
   0.36108190519735217
   0.0019681956619024277
1; 142 1.066274547211836
   0.433378750924021
   -0.6279283165931702
   -0.890808132942766
   -0.8080157213844359
   -0.05836964584887028
   0.742809503339231
   -0.7493814579211175
   -0.5733285583555698
   0.23889341112226248
   0.5782962888479233
1; 160 1.0719687804858882
   -0.21311544766649604
   0.36359165143221617
   0.9416938694193959
   -0.5312060620635748
   -0.9557019770145416
   -0.4770216937176883
   -0.05366513039916754
   -0.4237191234715283
   0.37788389110937715
   -0.3979802178218961
   -0.9554139161482453
1; 183 1.0780230766328276
   -0.9312653061933815
   0.9324852023273706
   -0.41093085100874305
   0.33628031704574823
   0.1453558192588389
   -0.6296813795343041
   0.37041107565164566
   0.1812649150379002
   -0.8128325408324599
   0.46229237550869584
1; 179 1.1539975550856025
   -0.8850726252421737
   0.2819675840437412
   0.7664112113416195
   -0.6362369451671839
   0.8543266244232655
   0.4225362413562834
   -0.48859168076887727
   -0.32606727816164494
   0.3357381015084684
   -0.729918526019901
   0.3026190525852144
1; 150 1.2439980326135909
   0.8121209084056318
   -0.8492374657653272
   -0.6788269788958132
   0.96055066306144
   -0.44048955850303173
   0.5421576509252191
   0.042172289453446865
   0.19673561956733465
   -0.9265976948663592
   0.14666624832898378
   -0.3491864278912544
1; 188 1.2894687442259885
   0.9730971078388393
   -0.8191493935883045
   0.45478581730276346
   -0.7601874829269946
   0.7082675294950604
   0.9426981182768941
   0.4414089499041438
   -0.024215415585786104
   -0.9437812361866236
1; 169 1.3257099915015833
   0.7964094979688525
   -0.9266031412407756
   0.6274001765996218
   0.6833489844575524
   -0.6922995122149587
   -0.941835115198046
   -0.633634340018034
   -0.3432844984345138
   -0.23066159198060632
1; 196 1.4605738812563092
   -0.9328331472352147
   -0.15028635365888476
   0.9485603724606335
   -0.9042072356678545
   0.725242436863482
   -0.15787904988974333
   0.4116242756135762
   -0.5223468872718513
   0.9802028993144631
   -0.9317052634432912
   0.059678114019334316
   -0.09286036575213075
   0.6140440930612385
   -0.7906920653767884
1; 195 1.5411104374207962
   -0.8841123334132135
   -0.11472875066101551
   0.6800119029358029
   0.743682733271271
   -0.99025470437482
   0.9448679364286363
   -0.39398571429774165
   -0.21525554871186614
   0.6279546008445323
   0.3492684727534652
   0.3148646936751902
   -0.5245280056260526
   -0.7418690477497876
   -0.2411555079743266
--------------------------------

1; 137 0.0885792975759248
   -0.6055385111831129
   -0.31786955427378416
2; 248 0.10650387580873193
   0.1883180937729776
   0.7382615199312568
2; 235 0.15749473369774278
   -0.2965418426319957
   -0.74273797031492
   0.24525636993348598
2; 204 0.1730453398865643
   0.14872752409428358
   -0.7243316494859755
   -0.5519683808088303
2; 297 0.18187892096138666
   -0.633634096942842
   -0.3437272203154862
   -0.2305161734111607
2; 205 0.19101620533801722
   0.8512724782340229
2; 273 0.19349191381523062
   -0.8385360408574343
2; 288 0.19836779581631053
   0.015154142398387194
   -0.08306322386488318
   0.2794156167656183
   -0.06778300506994128
   -0.4400371643714607
   0.4785153311677277
   0.5135509171523154
   0.19837982347235084
2; 223 0.19886376387050259
   0.9128994005732238
   0.11152409808710217
2; 208 0.21983110823672103
   0.7189317806623876
2; 242 0.22309981623643182
   0.43946826457977295
   0.8844719873741269
2; 201 0.23989276041698754
   -0.6413921904750168
2; 249 0.24424638200271148
   -0.6256702966056764
2; 239 0.24437995338503243
   0.6251920550130308
2; 231 0.244565704252809
   -0.055493191350251436
   -0.519541546702385
2; 212 0.2457721092286149
   0.8499205796979368
   -0.08684008475393057
   -0.12338510435074568
2; 228 0.24776584366962207
   0.6132115619257092
2; 224 0.24856365505409497
   0.6104137576185167
2; 207 0.2527316188946294
   -0.5847907280549407
   -0.00577309587970376
2; 256 0.2531033851839861
   0.39644758217036724
   -0.5992681384086609
   -0.5023648114874959
   -0.3547712513245642
   -0.0958550926297903
   0.05529395118355751
2; 226 0.2532396209461489
   -0.14129651570692658
   0.33474471140652895
   0.32516982639208436
2; 203 0.25681269142631263
   0.2836157726123929
   0.2836157726123929
   -0.5776068605482578
   -0.6072111963294446
2; 216 0.26040687583190647
   -0.5701083089224994
2; 225 0.2611933042990683
   -0.29194452753290534
   -0.36944475676864386
   -0.09849362773820758
   -0.23358043702319264
2; 210 0.26395939513382755
   0.5584254120476544
2; 251 0.26528731453436505
   0.554100601002574
2; 211 0.26625969732413407
   -0.5509495884180069
2; 213 0.27870862753706077
   -0.5116637512110174
2; 209 0.27887503715619477
   0.9968407019041479
2; 252 0.2837975438444212
   -0.49612815119326115
2; 259 0.2900127588905845
   -0.19085017079487443
   -0.7269426258280873
   -0.7123049199581146
2; 214 0.29981046106444786
   0.953797715716064
   0.4877892448566854
2; 236 0.30035832977046933
   0.4474387438967824
2; 264 0.31341307814648234
   0.060803177300840616
   0.6358218411915004
   0.9094031150452793
2; 215 0.31362010511701394
   -0.4102769149467349
2; 290 0.31705240948348307
   -0.7215083986520767
   0.18184088077396154
   0.5733285578899086
   0.25061854207888246
2; 265 0.3245782119129777
   0.44403089256957173
   -0.5690309065394104
   -0.2188387052156031
   -0.5507891457527876
   0.1858031852170825
2; 217 0.3312082574129035
   0.13023604778572917
   -0.5669952752068639
2; 206 0.34107911062212465
   -0.8182454854249954
   -0.7450435603968799
2; 218 0.3417007825213139
   -0.9380171508528292
   -0.6096518542617559
   -0.056466194335371256
   -0.1223421199247241
2; 234 0.380480438720761
   0.33684069477021694
2; 219 0.3983841153986632
   0.11725959880277514
   0.31611261749640107
   0.06199487159028649
2; 221 0.4023174314944963
   -0.3191611426882446
   0.5961129814386368
   -0.2869946379214525
   -0.2435934254899621
   -0.16044774651527405
2; 267 0.40556456358556753
   0.3627264443784952
   -0.7931958683766425
2; 202 0.4160398305752064
   -0.28340443409979343
   -0.14045435097068548
2; 271 0.42139020520297915
   -0.015914130955934525
   0.2956921220757067
2; 238 0.42428859869491065
   -0.2501917192712426
   0.17550778295844793
   -0.05344432778656483
   0.053444372955709696
   0.26199222542345524
2; 246 0.4253520449507189
   0.3604873032309115
   -0.6178401997312903
2; 200 0.4363435491087751
   0.6408339058980346
   -0.07559418259188533
   -0.4216326456516981
   0.6221160353161395
   0.4201570888981223
   0.11760952323675156
2; 220 0.45305151426362755
   -0.1950183566659689
   -0.09611300611868501
   -0.7137921690009534
   -0.15388703346252441
   -0.3049790523946285
   -0.21048291958868504
   0.26986912824213505
   0.30077095655724406
   -0.6387654752470553
   -0.415383473969996
2; 240 0.46967472820805484
   0.24755921633914113
2; 241 0.48480922784239927
   -0.8919339925050735
   -0.22314643068239093
   -0.39492175495252013
   -0.10508105624467134
   0.006836839485913515
   0.2875093030743301
   -0.43498343927785754
2; 233 0.4931002677260843
   0.22411077795550227
2; 237 0.4992531289773416
   -0.3877519038505852
   -0.2830455917865038
   -0.3019822505302727
   0.985036401078105
2; 255 0.5022100668865407
   0.905020001810044
   0.10814500786364079
   0.577752249315381
   -0.08340946491807699
2; 247 0.52061429028671
   -0.12232633447274566
   -0.24431190500035882
   0.39908179733902216
   -0.5239426288753748
2; 243 0.531868446007007
   -0.3908049347810447
   0.6244657086208463
   -0.03890664782375097
   0.5158048565499485
   0.03349676262587309
   0.7703696233220398
2; 230 0.5385466030905504
   -0.7312537911348045
   0.4519073711708188
   0.04061414860188961
   -0.5375075154006481
2; 232 0.5458064262340298
   0.7133892490528524
   0.7553639225661755
   -0.48189915623515844
   0.4818288516253233
   -0.30733446730300784
2; 222 0.5696335387965524
   -0.5450854622758925
   0.8191409185528755
   0.4643834284506738
   -0.28751755971461535
   -0.3181402962654829
2; 227 0.5758336552760622
   -0.14129651710391045
2; 229 0.577082176889042
   -0.31782523542642593
   0.7631663619540632
   -0.2592601180076599
   0.19286955380812287
   -0.003792890813201666
2; 261 0.5777301729416103
   0.6000773226842284
   -0.24450339889153838
   0.9307154663838446
2; 268 0.584455197643909
   0.22488929936662316
   -0.05052118003368378
   -0.6661399551667273
   -0.39153692219406366
   0.8846867699176073
2; 262 0.6160681765614934
   0.0888084932230413
   0.06444052793085575
2; 257 0.6181038625336701
   0.23262010235339403
   0.09537033643573523
   0.7702174647711217
   0.5552939474582672
   -0.3650818192400038
   0.4434731788933277
   0.12271543219685555
   0.07928130961954594
   0.6348660667426884
2; 260 0.6272527173766247
   0.6404676218517125
   0.42267508851364255
   -0.9674274777062237
   0.20446114800870419
2; 254 0.6376140432891716
   0.9803660996258259
   -0.6995342788286507
2; 287 0.6562663918875958
   0.7803726391866803
   -0.4039278016425669
   0.40872686356306076
   0.7566462918184698
   0.7178849773481488
2; 274 0.6782537546827679
   -0.6769573339261115
   -0.05405721068382263
   -0.20149436546489596
   0.1836310988292098
   0.6289435941725969
   0.5582102644257247
   -0.8143008551560342
2; 263 0.6814147372054195
   0.035612227860838175
2; 244 0.6858956787052976
   0.031126906163990498
2; 258 0.7083461557288578
   -0.1732427435927093
   -0.06211994355544448
   -0.4766627121716738
   0.5753523856401443
   -0.5403939504176378
   0.9676008396781981
2; 292 0.7359826926573361
   -0.21302479784935713
   0.35970754036679864
   0.8187350844964385
   -0.5312060606665909
   -0.9557019765488803
   -0.47702169325202703
   -0.3362803175114095
2; 277 0.7841411993287221
   0.18395201535895467
   -0.39996776171028614
   -0.7535992115736008
   0.0978391058743
   0.7040036269463599
   0.9533599545247853
   0.7575586731545627
2; 283 0.7898025007267134
   -0.7373502324335277
   0.6695691980421543
   -0.4612824800424278
   0.2887392919510603
   -0.16950795846059918
   -0.18154196674004197
   0.4209668403491378
   -0.8872411083430052
2; 245 0.7960799980482942
   -0.44320173701271415
   -0.6812142860144377
   -0.36322081834077835
   0.7016865056939423
   0.24849472241476178
   0.7930280328728259
   -0.3187857144512236
   0.16379289282485843
   0.32606504391878843
2; 266 0.8220914205279879
   -0.007585193030536175
   0.13727302197366953
   -0.5502607808448374
   0.9089675047434866
   -0.44974808348342776
2; 253 0.8225830181330325
   -0.6798952384851873
   0.8365790285170078
   0.027985280845314264
   -0.7220147014595568
   0.5148073327727616
   0.9411964793689549
2; 276 0.8423243076029099
   -0.7575628315098584
   0.4533607391640544
   -0.7508786297403276
   0.6674654697999358
   -0.29009237233549356
   0.3374677659012377
   0.4813922233879566
2; 279 0.8818117047037958
   -0.7118511577136815
   -0.5406250599771738
   -0.9569768756628036
   0.9473425573669374
   0.0782897099852562
   -0.13988522998988628
   -0.02547487337142229
2; 294 0.9067536817103387
   -0.8850750997662544
   0.2819811897352338
   0.770347694400698
   -0.629388093482703
   0.042172289453446865
   0.42252874467521906
   -0.4885916989296675
   -0.3277381635271013
   0.335737535264343
   -0.7299175029620528
   0.30261905305087566
2; 250 0.9106949675863262
   0.9458933677524328
   -0.19704793952405453
   0.5414957012981176
   -0.7596843205392361
   -0.46829756489023566
   -0.34065801138058305
   0.03109036199748516
   0.7122248848900199
2; 284 0.9635832121115222
   0.5165920350700617
   0.9124693428166211
   -0.0360445212572813
   -0.457903103902936
   0.9710760111920536
   0.6514758677221835
   0.05603819480165839
   -0.8660675561986864
   -0.3207585923373699
   0.26869358075782657
2; 285 0.9823134084014512
   0.8051843126304448
   -0.5967881735414267
   -0.904333749320358
   -0.12025661859661341
   -0.033169351518154144
   0.8999162735417485
   -0.705816837027669
2; 280 0.9826868046335949
   -0.48137066094204783
   -0.3435560245998204
   0.3353353161364794
   0.9660915229469538
   0.967783470172435
   -0.2296785251237452
   -0.7070680442266166
   -0.9791271165013313
2; 286 0.9857261960294557
   -0.3208113112486899
   -0.8367244419641793
   0.09039107756689191
   0.5914251753129065
   0.10312294401228428
   0.2196070090867579
   -0.6991855781525373
   0.42908190842717886
   0.41081165010109544
   -0.02250307286158204
   -0.08623260678723454
   0.14326330414041877
   -0.1437546294182539
   0.7196420785039663
   -0.5396681022830307
   -0.5332610951736569
   -0.21962820645421743
2; 272 0.9926935458200107
   0.7249405379407108
   0.881883931811899
   0.5111444401554763
   0.11912659974768758
   -0.9329652660526335
   -0.5732393437065184
   -0.42676019575446844
   0.19077830202877522
   0.11903636995702982
   -0.4888056484051049
   -0.8193688280880451
2; 269 1.0105943223015228
   -0.6792589239776134
   0.8555157883092761
   0.8053915202617645
   -0.6661398313008249
   0.3903649295680225
   -0.7125647254288197
2; 278 1.0140405688034546
   0.38355225045233965
   -0.140388207975775
   -0.9586608046665788
   0.642496882006526
   0.7292089657858014
   -0.5406248769722879
   -0.1318988362327218
   -0.20062013575807214
   0.36683019530028105
   -0.04962597694247961
2; 270 1.0617722743821638
   -0.17027575382962823
   -0.26493757450953126
   -0.5955631672404706
   0.8833746616728604
   -0.7392705962993205
   0.5864175711758435
   -0.8809996303170919
   0.4458928988315165
   -0.5684838979505002
   0.9839235367253423
   -0.13572953920811415
   0.116625324357301
   0.2511773258447647
2; 282 1.062136408869822
   0.6439853915944695
   -0.9940715027041733
   0.1815419695340097
   0.6466200035065413
   -0.7112586181610823
   0.253562877420336
   0.4560715560801327
   -0.7373503232374787
   0.7031191461719573
   0.8207598929293454
   -0.31612801691517234
   -0.17671328224241734
   0.10939770890399814
2; 275 1.0806745443985477
   -0.2686434262432158
   0.9060581694357097
   0.026866858825087547
   -0.36308938497677445
   -0.5586425210349262
   -0.060699143912643194
   -0.22520245239138603
   -0.9960559252649546
   0.683437667787075
   0.2747492673806846
   0.6790725705213845
   0.32304154522717
2; 281 1.1303726855899903
   0.727776788175106
   -0.5272115063853562
   -0.9739977777935565
   -0.5427566464059055
   -0.5421747174113989
   -0.954034807626158
   0.5337055181153119
   0.6810384672135115
   0.05683460831642151
   0.016446339432150126
2; 295 1.291144096850779
   0.8026190525852144
   -0.8695077439770103
   -0.6789103359915316
   0.9605538155883551
   -0.48859168076887727
   0.5462137581780553
   0.042157750111073256
   0.36376304319128394
   -0.9265209175646305
   0.1477199154905975
   -0.34918395336717367
2; 298 1.3609597101595317
   -0.8796668532304466
   0.15007226122543216
   0.9754719943739474
   -0.9042076482437551
   0.7259344686754048
   -0.1578789963386953
   0.40983562637120485
   -0.5223960550501943
   0.9802028997801244
   -0.931704219430685
   0.05967811355367303
2; 293 1.3612652471293833
   -0.42369297286495566
   0.40123520232737064
   -0.3979812152683735
   -0.9554139161482453
   -0.9312653499655426
   0.8778838911093771
   -0.4109322614967823
   0.33622744772583246
   0.10464417980983853
   0.9557019472122192
   0.3701611254364252
   0.31873551243916154
   -0.8128321697004139
   0.21311544720083475
2; 289 1.561172136606056
   -0.9864501282572746
   -0.9778750319965184
   -0.9622670151293278
   -0.06651885155588388
   0.7315829615108669
   -0.8885516449809074
   -0.47851534141227603
   -0.3775371741503477
   -0.018083302304148674
   -0.7794163306243718
   0.7744695963338017
   0.3644291125237942
2; 291 1.6689135008660054
   0.2790143792517483
   0.80836964212358
   -0.4496747087687254
   -0.6843871800228953
   -0.5595727418549359
   -0.621308749075979
   -0.8119037658907473
   0.36108190519735217
   0.001968175172805786
   0.43339556409046054
   -0.6279282812029123
   -0.8906697793863714
   -0.8081398825161159
   -0.05826935498043895
   0.7477643978781998
   -0.5006184219382703
   -0.7983899242244661
   0.23889341205358505
   0.5911140805110335
2; 299 1.6823668953826216
   -0.0928605548106134
   0.6140310149639845
   -0.7903623334132135
   -0.8655579350888729
   -0.11404410703107715
   0.6803329940885305
   0.7241514613851905
   -0.9317052634432912
   0.9448673585429788
   -0.39403494913131
   -0.21337572438642383
   0.8421209501102567
   0.3492684727534652
   0.34578133188188076
   -0.5245231236331165
   -0.7385996887460351
   -0.24115519551560283
--------------------------------

2; 226 0.06838324547875752
   -0.14129651617258787
   0.33474471140652895
   0.6750233420170844
3; 300 0.08882570438640071
   -0.6055710907094181
   -0.3116819062270224
3; 302 0.09877496508395152
   -0.296542361844331
   -0.742737976834178
3; 301 0.10426523718095447
   0.19775540614500642
   0.7382614971138537
3; 366 0.10430828512397476
   0.6370342783629894
   0.4226726181805134
3; 374 0.14479169014767884
   0.18413947289809585
   -0.39948246581479907
   -0.7510752212256193
3; 308 0.15250923078957598
   0.7189317806623876
   0.11152409808710217
3; 386 0.15975896347648755
   -0.3208336718380451
   -0.8364618984051049
3; 322 0.1739248516668834
   -0.5701083093881607
   -0.2919445554725826
   -0.15069475676864386
   -0.09849359979853034
3; 335 0.17662501765239372
   -0.5732778874225914
   0.18184088077396154
   0.42879731906577945
   0.2506242045201361
3; 373 0.18238502488491432
   -0.4769425569102168
   -0.326757256872952
3; 343 0.20283048831930264
   -0.7931435452774167
3; 333 0.2137322411727665
   0.048571822233498096
   -0.9094138420186937
3; 309 0.21984484831424123
   0.7188755013048649
3; 319 0.22163511452006104
   0.39644681848585606
   -0.5991976885125041
   -0.5260259509086609
   -0.27005632407963276
   -0.09578940458595753
   0.05529394093900919
3; 304 0.23789428608306468
   -0.6487275217659771
3; 314 0.24362976767781833
   -0.05549302976578474
   -0.5223869597539306
3; 313 0.24424638213276922
   0.6256702961400151
3; 312 0.24424645782637527
   -0.6256700251251459
3; 315 0.24655480282760134
   0.8499205796979368
   -0.10545845376327634
   -0.055493191350251436
3; 316 0.24776751438592337
   0.6132057029753923
3; 317 0.24860126237079397
   0.6102818744257092
3; 332 0.2492368203830604
   0.44748905254527926
   0.19050934119150043
3; 347 0.24936632773344808
   0.1755077624693513
   -0.04030562471598387
   0.053444372955709696
   0.26199222542345524
   0.13979983376339078
   -0.6178402015939355
3; 371 0.25093479284323494
   0.9688731455244124
3; 318 0.25271610443689313
   -0.5848427675664425
   -0.0057732113637030125
3; 320 0.2529589015273601
   -0.141296514775604
   0.33474474772810936
   0.3257592269219458
3; 303 0.25610190354457263
   0.24247730942443013
   -0.14874262223020196
   -0.7243316685780883
   -0.5519129363819957
3; 321 0.2572128247731604
   0.2836157726123929
   0.2836158024147153
   -0.577608804218471
   -0.6087034847587347
3; 306 0.2587487200744709
   -0.8387295515276492
   0.10984585667029023
3; 337 0.2613490866072993
   -0.5669952752068639
3; 324 0.26385615705236254
   0.5587620865553617
3; 325 0.26395939513382755
   0.5584254120476544
3; 327 0.2657608713798286
   -0.5525660370476544
3; 326 0.2662946730815781
   -0.5508362492546439
3; 307 0.26635211460235325
   -0.08398466883227229
   0.4400371639057994
   -0.06778322998434305
   -0.4400601484812796
   0.4169367761351168
   0.5135509176179767
   0.21353604039177299
3; 328 0.27887510088949075
   0.9968407656997442
3; 329 0.28356234628809973
   -0.49684070236980915
3; 310 0.2981097491941997
   0.45389218209311366
3; 334 0.31343923467510487
   -0.4107747948728502
3; 348 0.3273582676957416
   0.4153834735043347
   -0.1111775878816843
   -0.4216367043554783
   0.6221158895641565
   0.4200528501532972
   0.11760952323675156
   -0.19502045586705208
3; 352 0.3294132617777798
   0.008473901078104973
   -0.3879197505302727
3; 340 0.3315121796845924
   0.3368088388815522
   0.11726007843390107
   0.31611261516809464
3; 350 0.3383972945173412
   0.24763374822214246
   -0.8919366411864758
3; 351 0.37062054288132285
   -0.2231454337015748
   -0.10536816297098994
   -0.10508105671033263
   0.006837836466729641
   0.29037149203941226
   -0.43508848873898387
3; 305 0.3739909565110337
   -0.3398911734111607
   -0.23051617667078972
   0.8512724698521197
3; 336 0.37810285570777785
   0.44403089256957173
   -0.5690437373705208
   -0.2188387061469257
   -0.5507891457527876
   0.1857938631437719
   0.13153090607374907
3; 381 0.4135149993565299
   0.30377384228631854
3; 345 0.42158930409895184
   0.29569164477288723
3; 356 0.4467026832237494
   -0.39217998506501317
   0.5414171009324491
3; 383 0.44887107305767215
   -0.3220479395240545
   0.3041066317819059
3; 349 0.4511445206611027
   -0.03620783146470785
   -0.7129657664336264
   -0.1950183566659689
   -0.3049790523946285
   -0.21048291120678186
   0.27055353531613946
   0.3007709551602602
   -0.6387654761783779
   -0.41537003917619586
3; 396 0.45695537352506116
   -0.42369424970820546
   0.40131164947524667
3; 353 0.45747400436176056
   -0.2830455917865038
   -0.3019822505302727
   0.9850360709242523
3; 346 0.4654798557005859
   -0.25175818940624595
3; 369 0.47470130492886675
   0.24346269806846976
   0.6289435941725969
   0.5042753382585943
   -0.8143005571328104
3; 323 0.4836405518561046
   -0.23357974085956812
3; 344 0.49061238629527054
   -0.20194181194528937
   -0.14042584970593452
   -0.015942632220685482
3; 342 0.490869626528257
   -0.3191611492075026
   0.6070120274089277
   -0.2872241158038378
   -0.2435934254899621
   -0.16044646361842752
   0.36272644251585007
3; 338 0.5052741717448995
   -0.8151578782126307
   -0.7439661943353713
   -0.10965185426175594
   -0.6098344121128321
   -0.05646629724651575
3; 354 0.5166538775540733
   0.9048020034097135
   0.14193388912826777
   0.577754532918334
   -0.08079866599291563
   -0.12247196491807699
3; 361 0.5242963326244107
   0.19286926835775375
   -0.003791939467191696
3; 363 0.5245872211957585
   -0.05051205959171057
   -0.6650887480936944
   -0.3915369315072894
   0.884686775971204
3; 330 0.5263283933598248
   -0.19085017126053572
3; 360 0.531046175492381
   -0.141296514775604
   -0.3178252479992807
   0.7631663670763373
   -0.2524623218923807
3; 359 0.5317096215275828
   -0.5573344673030078
   0.6808590795844793
   0.46438206592574716
   -0.28751756623387337
   -0.3181402962654829
3; 358 0.5449963073587133
   0.7131097591482103
   0.7552909967489541
   -0.4800084289163351
   0.4816403309814632
   -0.30733445519581437
3; 355 0.5465108385077756
   -0.24431719118729234
   0.3990843389183283
   -0.5239427057094872
3; 362 0.5594450445750746
   0.6000773180276155
   -0.24456426594406366
   0.930666321888566
   0.22488947212696075
3; 378 0.5850870276082946
   -0.6798950843513012
   0.8364902497269213
3; 339 0.5978541319466666
   -0.11925451504066586
3; 391 0.6077013178785697
   0.10939770331606269
3; 365 0.6106363589156291
   0.23262010142207146
   0.10904248431324959
   0.7713318187743425
   0.5550576145760715
   -0.3338384944945574
   0.4436921617016196
   0.12715135235339403
   0.06444052793085575
   0.6356834932230413
3; 364 0.6143193190945764
   0.09087913390249014
   0.06438873149454594
3; 399 0.634409898987762
   0.8421209552325308
   0.34926848113536835
   0.31564328307285905
   0.5191327161155641
   -0.7385988594032824
   -0.22098562074825168
3; 357 0.6416885006396936
   -0.048092628829181194
   0.5158048537559807
   0.020369623322039843
   0.7703362447209656
   -0.7312589585781097
   0.038906647358089685
   0.06196570862084627
   -0.5375075149349868
3; 341 0.6614557805176319
   0.05559069477021694
3; 370 0.6858956787052976
   0.031126906163990498
3; 311 0.6934616580095292
   0.8844719873741269
   -0.858589053619653
3; 393 0.7005619433714726
   0.016446304973214865
3; 331 0.7163284379455517
   -0.726943391840905
   -0.7123049185611308
   0.953749265987426
   0.4408493912778795
3; 388 0.7825944075123005
   -0.6792587237432599
   0.644418085925281
   0.8053613095544279
   -0.6661398308351636
3; 368 0.8209216084116131
   0.8143008546903729
   -0.403929740190506
   0.4096325314603746
   0.7566463118419051
   0.7171228830702603
   -0.6769820153713226
   -0.05405720928683877
   -0.19694323372095823
3; 377 0.8224718791516344
   0.13727302197366953
   -0.5502325370907784
   0.9312142855487764
   -0.45101423701271415
3; 395 0.8986019527971429
   -0.15787900751456618
   0.418279180303216
   -0.5223824293352664
   0.9801798667758703
   -0.9317042189650238
   0.059685634449124336
3; 376 0.9245302141214156
   -0.44320158613845706
   -0.6812142855487764
   -0.36322188563644886
   0.7015941650606692
   0.7515052803792059
   0.7929839892312884
   -0.320042893756181
   0.3187857139855623
   0.6739366883412004
   -0.0015052775852382183
3; 385 0.982288487381378
   -0.48137066047638655
   -0.34105816343799233
   0.33289470011368394
   0.9677396635524929
   0.9678781470283866
   -0.22847875114530325
   -0.7070753523148596
   -0.977059313096106
3; 389 1.0116094805720064
   0.39036395121365786
   -0.7169695100747049
   0.4929272513836622
   -0.14038821402937174
   -0.9846117924898863
   0.6433178805746138
   0.729209166020155
   0.5406258548609912
   -0.13189865183085203
   -0.20046785473823547
   0.36683018039911985
   -0.05035267397761345
3; 367 1.0596656873727741
   -0.9674138519912958
   0.9674174929969013
   0.9796686610206962
   -0.6993761281482875
3; 379 1.0957950161293737
   0.20990762766450644
   -0.7220147019252181
   0.5148074054159224
   0.9533607391640544
   -0.7575628315098584
   0.4528892417438328
   -0.5148073332384229
   0.6674654837697744
   -0.27798528131097555
   0.3372490960173309
   0.48140891129150987
3; 384 1.1260138436555158
   0.80517692072317
   -0.6050047101452947
   -0.9044832126237452
   -0.9677834706380963
   -0.03316927934065461
   -0.899916070047766
   -0.7058168463408947
3; 375 1.2556837970691133
   0.09783933311700821
   0.71126071177423
   0.9533598539419472
   0.7945691980421543
   -0.7373354369774461
   0.6696570739150047
   -0.41371751530095935
   0.2821286269463599
   -0.16950418800115585
   -0.18328671157360077
   0.42097034864127636
   -0.9252608600072563
3; 372 1.306718754365866
   -0.16371968295425177
   -0.039521693252027035
   -0.4766634413972497
   0.5753523595631123
   -0.540393955539912
   0.9671294153667986
   -0.21302479784935713
   0.35970781464129686
   0.9596060495823622
   -0.5312060606665909
   -0.9569310382939875
3; 380 1.5285368603986915
   -0.7118511665612459
   -0.5405903100036085
   -0.9570252210833132
   0.9473425569012761
   0.10919716721400619
   -0.13983679004013538
   -0.025474883150309324
   -0.8850753307342529
   0.28397359419614077
   0.7703476930037141
   -0.6362364222295582
   0.04217228712514043
   0.139885229524225
   -0.4920227755792439
   -0.32773812348023057
   0.45697687519714236
   0.7299175020307302
3; 382 1.5374029348924856
   0.9459065571427345
   -0.17924140812829137
   0.5418489896692336
   -0.7591631952673197
   0.46830936381593347
   -0.34142398880794644
   0.4579031034372747
   0.712224883493036
   0.5875306567177176
   0.9124693474732339
   -0.03604419622570276
   -0.457903103902936
   0.971841988619417
   0.4682975644245744
   0.05603819480165839
   -0.5414957017637789
3; 387 1.5868782307858256
   0.1190312565304339
   0.5640739924274385
   0.11562681291252375
   0.22363565303385258
   -0.699185358826071
   0.42774839978665113
   0.4107305593788624
   -0.020459818188101053
   -0.9124405384063721
   0.14326330367475748
   -0.10736390529200435
   0.71964206174016
   -0.5396757964044809
   -0.5332610928453505
   -0.21962884673848748
   0.6637672819197178
   0.8818837944418192
   0.5045616501010954
   0.11913586454465985
   -0.9101894181221724
   -0.5732450326904655
   -0.42676019156351686
   0.1881308602169156
   0.11904708342626691
   -0.4890681919641793
   -0.8208113112486899
3; 392 1.6761914928188022
   -0.2686436055228114
   0.9060560162179172
   -0.027332359924912453
   -0.36308938590809703
   0.558660504873842
   -0.06069914484396577
   -0.2248214790597558
   -0.8801892343908548
   0.6832377123646438
   0.27227141708135605
   0.6790729630738497
   0.32092742901295424
   0.7277768733911216
   -0.5271876682527363
   -0.9739986974745989
   -0.5427566436119378
   -0.5421747183427215
   -0.954034938942641
   0.5339214182458818
   0.6810416635125875
   0.093941830098629
3; 394 1.738648103596893
   0.8026190521195531
   -0.8695074878633022
   -0.678910480812192
   0.960872617084533
   -0.5113981268368661
   0.5462137470021844
   0.04234031494706869
   0.36376303527504206
   -0.8234790777787566
   0.15003763092681766
   -0.6506171706132591
   -0.879667199216783
   0.15007251873612404
   0.9753490420989692
   -0.8862369526177645
   0.7257514968514442
3; 390 1.9352102662677269
   -0.17027586745098233
   -0.26493758568540215
   -0.5955631723627448
   0.8833745722658932
   -0.7392636663280427
   0.58638014504686
   -0.8809996391646564
   0.44589238334447145
   -0.5684838984161615
   0.9839952304027975
   -0.13572953874245286
   0.994071502238512
   0.2511867266148329
   0.3560156668536365
   -0.11662532482296228
   0.18153120297938585
   0.6466200039722025
   -0.6934838979505002
   0.2572321007028222
   0.49400036968290806
   -0.7377473274245858
   0.7392705958336592
   0.8208746616728604
   -0.34556316724047065
   -0.23506242595613003
3; 398 2.258313083636541
   0.27901225071400404
   0.8083697250112891
   -0.4496940220706165
   -0.6542182029224932
   -0.5597176919691265
   -0.6213189912959933
   -0.8119037668220699
   0.3610759642906487
   0.0019681761041283607
   0.43339559715241194
   -0.7241514618508518
   -0.8977920059114695
   -0.8081359039060771
   -0.05827019037678838
   0.7477643978781998
   -0.5006182808429003
   -0.7983900508843362
   0.23955158051103354
   0.582643412053585
   -0.09286056226119399
   0.5150065780617297
   -0.7522356021218002
   -0.8688169987872243
   -0.11404410703107715
   0.6797322789207101
   0.7241212483495474
   -0.5666044359095395
   0.9448673422448337
   -0.39404089003801346
   -0.2181537658907473
--------------------------------

2; 226 0.06838324547875752
   -0.14129651617258787
   0.33474471140652895
   0.6750233420170844
4; 402 0.12739986057076924
   -0.2965895771048963
   -0.7427383167669177
   0.19586297636851668
4; 485 0.12825952190961273
   0.47550742886960506
   0.6739331874996424
   -0.0015052738599479198
4; 411 0.13222814294296156
   -0.326757256872952
   -0.7964949435554445
4; 408 0.14045435594692013
   -0.5701504801400006
   -0.2919449065811932
   -0.1506786192767322
4; 451 0.15545914872074124
   0.3251202912069857
   -0.6332081947475672
   -0.42795206094160676
4; 407 0.1939079341568483
   -0.8364271060563624
4; 443 0.19530718537516661
   -0.9131911611184478
4; 491 0.2002755262359255
   -0.8051769211888313
4; 462 0.20374050637637806
   -0.05051335459575057
   -0.6650822842493653
4; 480 0.2178848945466589
   -0.7269750731065869
4; 405 0.23658112763438388
   0.42267582239583135
   0.18413947289809585
   -0.35051752207800746
   -0.7516375966370106
4; 404 0.24109077523506126
   0.6370320785790682
4; 487 0.2424294672579747
   0.7292091664858162
   0.5406320532783866
   -0.15524236159399152
   -0.200467842631042
   0.25817242078483105
   -0.05035295058041811
4; 416 0.24363580094813073
   -0.055482047609984875
   -0.5223880498670042
4; 417 0.2446221146703465
   0.6243297033943236
4; 420 0.2477674753467728
   0.6132058398798108
4; 421 0.24776751438592337
   0.6132057029753923
4; 425 0.25295695725484524
   -0.5841025453992188
   -0.005736229475587606
4; 430 0.2613494190185178
   -0.5669941771775484
4; 431 0.26387688383180197
   0.5586944934912026
4; 432 0.2639602635866714
   0.558422579895705
4; 475 0.2704517384677138
   -0.5375075149349868
4; 424 0.2762636765380194
   0.994226788636297
4; 436 0.27887503715619477
   0.9968407019041479
4; 442 0.2810395730706979
   0.33680884120985866
   0.11726004537194967
   0.31611261516809464
   0.2476338343694806
4; 437 0.2835623252305689
   -0.4968407661654055
4; 438 0.2879737606251824
   0.4835897358134389
4; 410 0.2902127631921853
   -0.47694257367402315
4; 422 0.29217781189954484
   0.44748911168426275
   0.13979983376339078
   0.26199222542345524
   -0.040305627044290304
   0.053444372955709696
   0.1755077624693513
4; 428 0.2976348706928049
   0.28361294604837894
   0.29450919665396214
   -0.6087032654322684
4; 433 0.3003600012334658
   -0.4474339629523456
4; 418 0.3012534847548364
   -0.6320068091154099
   0.10545845329761505
4; 494 0.30254759737587045
   0.9466810617595911
   -0.17925373883917928
4; 452 0.30918625559425755
   -0.42253607138991356
4; 446 0.31034538563624353
   0.44439884228631854
   -0.5690437513403594
   -0.21881388314068317
   -0.5507891457527876
4; 439 0.3134381579334224
   -0.4107777588069439
4; 423 0.32294725373044786
   0.13980219513177872
   -0.6178400521166623
4; 406 0.3263979744227442
   0.2810918125323951
   0.11136101465672255
   -0.32083363039419055
4; 467 0.328475193411272
   0.10091589670628309
   -0.5239427071064711
4; 464 0.3565605315716909
   -0.1462652408517897
   -0.3178291139192879
   0.763166366610676
4; 440 0.3657902188133439
   0.4153834842145443
   -0.38884499529376626
   -0.42163671227172017
   0.6221108660101891
   0.4200528501532972
   0.1176095400005579
4; 414 0.3660627487954942
   0.35127247823402286
4; 447 0.3735701615952835
   0.1857938622124493
   0.13153113750740886
   0.3037738394923508
4; 450 0.3770893140943554
   -0.32162003917619586
   0.3028279757127166
   -0.3007709556259215
   -0.7138214646838605
   -0.21048291120678186
   -0.3049790523946285
   -0.21048313938081264
   0.2870342335663736
4; 441 0.3776146372416193
   -0.187738296110183
   0.013822412118315697
   -0.387917653657496
4; 468 0.3784186343064187
   0.6000400544144213
   -0.24456437304615974
4; 415 0.3876156420508076
   -0.6010702913627028
   -0.5260259197093546
   -0.26900617638602853
   -0.10708063840866089
   0.05529397400096059
   -0.6488882265985012
4; 409 0.38796057677091583
   -0.42672211304306984
   -0.6767158745788038
   0.1818408058024943
   0.4580554445274174
   0.5701083391904831
4; 427 0.3977627000145004
   0.14874262176454067
   0.13252269895747304
   -0.1520392349921167
   -0.7243372835218906
   -0.9480870878323913
4; 401 0.3978502822024165
   0.33474284317344427
   0.6750247231684625
   -0.602755288593471
   -0.31182778906077147
4; 426 0.404548183216906
   -0.1414464390836656
   0.3381683314219117
4; 403 0.4207394182711047
   0.29654236137866974
4; 448 0.4215915817501715
   0.29568936489522457
4; 454 0.44088972262076515
   -0.31430055713281035
   0.24346269806846976
4; 449 0.45530799242604564
   -0.42025615694001317
   0.5414191838353872
4; 445 0.460732117435387
   -0.23051617667078972
   -0.10542462067678571
   0.02438416751101613
   0.29037149203941226
   -0.43508721236139536
   -0.3398909321986139
   -0.23056933749467134
   0.8989266669377685
4; 472 0.47785873374824417
   0.23262008046731353
   0.0784575124271214
4; 466 0.48033860901217273
   0.536886456888169
   0.7545530889183283
   -0.48015703493729234
   0.26837113685905933
   -0.30733443098142743
   -0.24420819990336895
4; 458 0.4934271487254368
   -0.31853370321914554
   0.6070120125077665
   -0.28722412744536996
   -0.22516736201941967
   -0.1604464529082179
   0.36272644251585007
4; 444 0.4981660636315503
   -0.21904003014788032
4; 455 0.500598233729928
   0.628937569912523
   0.504279000684619
   -0.8143005659803748
4; 435 0.5042545179565315
   0.21294562425464392
4; 459 0.5059078396080752
   -0.8149691224098206
   -0.7437112624756992
   -0.11121338466182351
   -0.61091827461496
   -0.056464461609721184
4; 456 0.5154790704847095
   -0.015942632220685482
   -0.20137854851782322
4; 453 0.5209542237198697
   0.4011427494697273
   -0.2830455917865038
   -0.30756164994090796
   0.9850360713899136
4; 482 0.5382365920268652
   0.8259937921538949
   -0.4038705360144377
   0.4096311256289482
4; 463 0.5485566725978825
   -0.3915369315072894
   0.8846867778338492
   -0.1908501824364066
4; 460 0.5617439122736276
   0.9962080605328083
   0.1419338951818645
   0.5777548188343644
   -0.08033414697274566
   -0.1246295333839953
4; 434 0.5629097444775042
   -0.5509383813478053
   -0.5135509120300412
   0.4169367761351168
   -0.06531094573438168
   -0.4400061289779842
   0.4169658748432994
   0.7364484472200274
4; 419 0.5679969735679566
   -0.1054585357196629
   -0.1256700251251459
4; 461 0.5751838587781828
   -0.14193388959392905
   -0.002458414528518915
4; 400 0.5756872212830669
   -0.14144309423863888
4; 478 0.5759648120830303
   0.8844719398766756
   -0.6414109468460083
4; 457 0.5836029405269411
   -0.13302549114450812
   -0.015942587982863188
4; 470 0.58637474933065
   -0.1307451189495623
4; 471 0.5941792542837782
   0.12293298495933414
4; 413 0.627289126781554
   -0.9094138420186937
   0.7188755022361875
4; 476 0.6476506657252561
   0.06940930429846048
4; 473 0.6494348383220789
   0.7783798738382757
   0.591809471603483
   -0.33378614764660597
   0.4436921593733132
   0.12709900550544262
   0.06444063782691956
   0.7599181807599962
   0.09087913436815143
   0.06438853172585368
4; 465 0.6557151010300726
   -0.3058590800501406
   -0.5573344673030078
   0.6821498214267194
   0.46433788584545255
   -0.7124824346974492
   -0.141296514775604
4; 429 0.665842759876224
   -0.6087010107003152
   -0.8331458321772516
   0.890154177788645
4; 412 0.6685505398566293
   0.04848900018259883
4; 477 0.6858956740532322
   0.03112691082060337
4; 489 0.6978834977340241
   -0.5088423723354936
   0.6674654697999358
   -0.35466866148635745
   0.3372490997426212
   0.032586148008704185
4; 479 0.7006999003708968
   0.016308213118463755
4; 469 0.7064794664059264
   0.8193337470293045
   0.24316632188856602
   -0.6799085433594882
   0.8364893663674593
4; 492 0.8261788341077164
   -0.14508249843493104
   -0.04302312480285764
   -0.47666344279423356
   0.6121399626135826
   -0.539802270475775
   0.9675933374091983
   -0.36376357823610306
   0.1402894021011889
4; 483 0.8860648422496168
   0.7566463113762438
   0.717122892383486
   -0.6790572092868388
   -0.05198201537132263
   -0.1969396169297397
   0.13164631184190512
   -0.5502575319260359
   0.9312277133576572
   -0.29898039530962706
4; 498 0.9421403182165111
   -0.1702758762985468
   -0.26489465730264783
   -0.595563143491745
   0.8833768963813782
   -0.7392652872949839
   0.5859822789207101
   -0.9265440935268998
   0.054104473907500505
4; 497 0.9618655850214161
   0.3499618461355567
   -0.6506171729415655
   -0.5587215404957533
   0.14433938544243574
   0.9753490407019854
   -0.8950132434256375
   0.2686436050571501
4; 481 0.9794505981253075
   -0.7123049143701792
   0.9532381845638156
   0.44084940385073423
   -0.6792587246745825
   0.644178953487426
   0.8053615968674421
   -0.6675878586247563
4; 474 1.0384401497617142
   0.8140549850650132
   0.3119585486128926
   0.315463469363749
   0.7296785414218903
   -0.7385979662649333
   -0.22181806433945894
   -0.048092630691826344
   0.5168428169563413
   0.020362884271889925
   0.7703371401876211
   -0.7319964342750609
   0.038726833648979664
   -0.06186433136463165
4; 484 1.3030792083365856
   -0.15803758148103952
   0.4182791942730546
   -0.5687857144512236
   0.9801991428248584
   -0.7968597607687116
   0.057169342413544655
   -0.45159454038366675
   -0.6820662007667124
   -0.3632193086668849
   0.7010140856727958
   0.7515052682720125
   0.7929839892312884
   -0.3225544304586947
4; 488 1.3882720483360445
   -0.9814089122228324
   0.8370812493376434
   0.9798272186890244
   -0.699376127216965
   0.5148023469373584
   -0.7779930005781353
   0.5148074049502611
   0.9533546534366906
   -0.7575314617715776
   0.2779852980747819
4; 486 1.5891904228452052
   -0.48137037083506584
   -0.34105808613821864
   0.2995321452617645
   0.9677396612241864
   0.9593741446733475
   -0.22823260398581624
   -0.7070753551088274
   -0.9846117924898863
   0.3903643717058003
   -0.7116772518493235
   0.4929247098043561
   -0.14036395167931914
   -0.977059313096106
   0.6445753518491983
4; 493 1.7023308561390522
   0.959606041200459
   -0.5312950615771115
   -0.974525117315352
   -0.13983679004013538
   0.5405936515890062
   -0.9570252178236842
   0.9473450942896307
   0.10345265874639153
   -0.13372616656124592
   -0.025475902948528528
   -0.8850726373493671
   0.2839468698948622
   0.7703476930037141
   -0.6362374401651323
   0.03287058416754007
   0.1398812597617507
   -0.48714764043688774
   -0.3277380773797631
   0.46047830674797297
   0.7298817918635905
4; 490 1.7215697452333718
   0.8051769202575088
   -0.6050046966411173
   -0.9044828861951828
   -0.5322165270335972
   -0.033169453497976065
   -0.9137175153009593
   -0.7053429260849953
   0.09780906932428479
   0.7054308014921844
   0.9533598539419472
   0.71126071177423
   -0.7375180800445378
   0.6691831536591053
   -0.41371761076152325
   0.2881838730536401
   -0.17090847063809633
   -0.18328671157360077
   0.4209226784296334
4; 496 2.2533731772344625
   -0.27424850314855576
   0.8862369521521032
   -0.02465095790103078
   -0.3631110843271017
   0.5586222768761218
   -0.0603957655839622
   -0.22492776811122894
   -0.8801952390931547
   0.6832378492690623
   -0.25901512010023
   0.679072963539511
   0.32092304015532136
   0.960872617084533
   -0.605302082374692
   -0.9791262787766755
   -0.5427923975512385
   -0.5275355805642903
   -0.681041682139039
   0.5339214182458818
   0.662708327639848
   0.09394183056429029
   0.8223815821111202
   -0.8648951933719218
   -0.527187667787075
   0.9152590148150921
   -0.5111038205213845
   0.546213774010539
   0.042376480996608734
   0.3634134936146438
   -0.8235486093908548
4; 495 2.382641633615571
   0.5418528830632567
   -0.7506308620795608
   0.46830893075093627
   -0.3382634958252311
   0.45790365105494857
   0.7877550041303039
   0.5999305415898561
   0.9131337944418192
   -0.16376834735274315
   -0.4579100999981165
   0.9717376548796892
   0.46813670359551907
   0.056038517504930496
   -0.5184967177920043
   0.11903146514669061
   0.5921760057099164
   0.019579244311898947
   0.22167686698958278
   -0.6991853299550712
   0.427748394664377
   0.41348818875849247
   -0.020460428204387426
   -0.912510680500418
   0.11201327899470925
   -0.1073577762581408
   0.7240069448016584
   -0.5395149379037321
   -0.534017386380583
   -0.2217773962765932
   0.6637672823853791
   0.8818907327950001
   0.5045616505667567
   0.03777511650696397
   -0.832903103902936
   -0.5726385116577148
   -0.5731945424340665
   0.1881329952739179
   0.11586585408076644
   -0.49174140812829137
   -0.9459065576083958
--------------------------------

2; 226 0.06838324547875752
   -0.14129651617258787
   0.33474471140652895
   0.6750233420170844
5; 560 0.10256823155888696
   -0.2809599875472486
   0.504279000684619
   0.5042792237363756
5; 511 0.10691891166123837
   -0.35051753697916865
   -0.7515362398698926
5; 502 0.13185378091044306
   0.4842667751945555
   0.673242743127048
   -0.0015052738599479198
5; 503 0.1321694049111152
   -0.32627693796530366
   -0.7964947912842035
5; 504 0.1404540111710047
   -0.5701506235636771
   -0.29194490099325776
   -0.15067800041288137
5; 505 0.1554721681124115
   0.32512028561905026
   -0.6332534998655319
   -0.4279574304819107
5; 532 0.17992110347518034
   -0.6320068091154099
   -0.1054584551602602
5; 508 0.19304938912966702
   -0.8051769058220088
   -0.011986646335572004
5; 506 0.19390549971056106
   -0.8364394470117986
5; 507 0.19568854587960086
   -0.9135728944092989
5; 561 0.1983740968357574
   -0.814315683208406
5; 578 0.1995442233018695
   0.06842396780848503
   0.6591208651661873
   0.5916443741880357
5; 569 0.21562590879009702
   0.7364424355328083
5; 577 0.21984485297540157
   0.7188754822127521
5; 500 0.22635010808521036
   -0.14129754714667797
   0.3677383163012564
   0.7034105421043932
   -0.29658821877092123
5; 509 0.23351346045325022
   -0.6650822833180428
5; 535 0.2415482032110352
   -0.21882344083860517
   -0.44855767907574773
5; 537 0.24646033930272102
   -0.6178090088069439
5; 519 0.24679201378826474
   -0.02551377099007368
   -0.5669941566884518
5; 517 0.24776362839700605
   0.6132193305529654
5; 516 0.24776751438592337
   0.6132057029753923
5; 518 0.25622896253713523
   -0.5840840209275484
5; 521 0.2614839936844532
   0.5665496466681361
5; 576 0.2620504083488654
   0.12487449729815125
   -0.9091896740719676
5; 520 0.26387721196475744
   0.5586934234015644
5; 555 0.26922779425746257
   0.5414085583761334
5; 522 0.2706040292391527
   -0.537023211363703
5; 523 0.2762638007481656
   0.9942269129678607
5; 526 0.2771724734555099
   -0.5164102641865611
5; 563 0.28033141311155646
   0.6108121275901794
   -0.056695775128901005
5; 546 0.2851396794762229
   0.6000398434698582
   -0.242792216129601
   -0.5073202853091061
   -0.5260252193547785
   -0.26615008898079395
5; 527 0.29190959879052614
   0.4719384219497442
5; 528 0.2920404352568953
   -0.4807422375306487
   0.4587607504799962
   0.16530562657862902
   0.26199222542345524
   -0.04172538314014673
   0.05344620393589139
5; 531 0.3003594156434786
   -0.44743563793599606
5; 533 0.30224425172138775
   0.9453229457139969
   -0.17924802005290985
5; 551 0.3131853225191454
   -0.14144769543781877
   0.6618315582163632
5; 501 0.3249461505025539
   -0.7427383265458047
   0.195862983353436
5; 539 0.3285061118110987
   0.10097693186253309
   -0.523942593485117
5; 538 0.3293489289912546
   0.2739427066408098
   0.11138678714632988
   -0.320836597122252
5; 557 0.33034328790514406
   0.02438443060964346
   0.29037148924544454
   -0.3163590682670474
   -0.18508721236139536
   -0.21224649250507355
   0.8979483325965703
   0.23262008279561996
   0.07844855263829231
5; 524 0.3328705637563049
   0.2476338343694806
   0.33689870638772845
5; 541 0.3355669964307575
   0.4157773368060589
   -0.38884499529376626
   -0.4153834846802056
   0.5024586329236627
   0.420455913990736
   0.11501524038612843
5; 586 0.33979694952256706
   0.8128355974331498
   0.24364639027044177
   -0.5324059980921447
5; 562 0.340844118212866
   0.19353553839027882
   -0.8149850461632013
   -0.7437111721374094
   -0.11871126247569919
5; 510 0.36331329615300634
   -0.7269793935120106
   0.3505175216123462
   0.18413947289809585
5; 530 0.3670825659870881
   0.05256603704765439
   0.2936404845677316
   -0.8913109549321234
5; 525 0.36889628859993084
   0.11726004537194967
   0.31553490832448006
   0.24687217315658927
5; 542 0.3754555110772989
   0.3037738394923508
   0.18579329876229167
   0.13153113471344113
5; 536 0.3810055040740972
   -0.4107777555473149
   0.13980291038751602
5; 580 0.38394219239847843
   -0.29734582221135497
   -0.5574791682884097
   0.6412989892996848
5; 548 0.38833378037170163
   -0.42672211257740855
   -0.6774622835218906
   0.18183908332139254
   0.3674699035473168
   0.5701293405145407
5; 549 0.40207043825582284
   0.14874176681041718
   0.13238339172676206
   -0.18184080626815557
   -0.7243461376056075
   -0.9480844177305698
5; 512 0.405728548075678
   0.6371470494195819
   0.729241756722331
   0.5406320528127253
5; 545 0.4059549273879517
   -0.7138214651495218
   -0.21048314357176423
   -0.3049790523946285
   -0.21048291120678186
   0.28617853531613946
   -0.1875102948397398
   0.013822414446622133
   -0.38802628917619586
5; 540 0.4074056727081962
   -0.14633729541674256
   -0.4200528506189585
   0.7528901323676109
5; 543 0.41351500679983455
   0.30377383483573794
5; 553 0.42158543171971324
   0.2956955209374428
5; 552 0.42159158593703033
   0.295689360704273
5; 550 0.42654688929227624
   0.334683230612427
   0.6726318919099867
   -0.5618277890607715
   0.31182696390897036
5; 579 0.4318258841286362
   -0.31348904967308044
   0.49380783876404166
   0.09585862141102552
   0.08378614718094468
   0.7599181733094156
   0.09087900631129742
   0.06257336679846048
5; 513 0.44983611654918293
   -0.15524236159399152
   -0.20046786917373538
   0.2580955205485225
   -0.44965414935722947
5; 558 0.4621825967989349
   0.5366876195184886
   0.7545564072206616
   -0.48015703493729234
   0.26842529885470867
   -0.3073293957859278
   -0.19353370321914554
5; 547 0.4662987622706522
   -0.5981484591029584
   0.05706437258049846
   -0.6488918303512037
5; 556 0.4743787025889044
   -0.23051611427217722
   -0.10542122507467866
5; 515 0.4817501900182011
   -0.5223880498670042
   0.6180409016087651
5; 554 0.5108070528443048
   -0.3143073683604598
   0.24346302030608058
   -0.43096433440223336
5; 514 0.5226641935826483
   -0.1945179528556764
5; 565 0.5362732267646944
   -0.2013786300085485
   0.4627330913208425
   -0.27614274993538857
   -0.30684729712083936
   0.9850339302793145
5; 529 0.5417346034530852
   0.17542890133336186
5; 567 0.5431763594663495
   -0.1739857359789312
5; 571 0.5457936188815803
   -0.14193388959392905
   -0.12567036459222436
   -0.0024516209959983826
5; 544 0.551229596798631
   -0.321511403657496
   0.302883171942085
   -0.3005429543554783
5; 570 0.5725850896299446
   -0.14454825827851892
5; 572 0.5757193372817594
   -0.1414109468460083
5; 573 0.5759647895704335
   0.8844719398766756
   -0.6414109077304602
5; 559 0.581741620177012
   -0.6814662390388548
   0.567668444942683
   -0.2683711373247206
   -0.22517290944233537
   -0.16059846989810467
   0.36257005063816905
5; 575 0.583595346051054
   -0.015942587982863188
   -0.13303312053903937
5; 574 0.5840972469771142
   -0.13302484760060906
5; 534 0.6068118275818224
   -0.4225361072458327
   0.4452486168593168
   -0.5690437513403594
5; 584 0.6819508799416238
   -0.5088382717221975
   0.5325865652412176
   -0.3502509007230401
   0.33904366102069616
5; 585 0.6824516543720887
   0.032476685009896755
   0.016299820505082607
5; 583 0.6858956726576125
   0.031126912217587233
5; 566 0.6874266105339288
   0.8261040882207453
   -0.40387053322046995
   0.4095828728750348
   -0.3911501243710518
   0.8838681704364717
5; 564 0.7010672632757503
   -0.01594049111008644
5; 582 0.7029945525635283
   0.014011317864060402
5; 592 0.7055537216975423
   0.8147419299930334
   0.31195833208039403
   0.31490098126232624
   0.7078214129433036
   -0.7385987765155733
   -0.22112870076671243
   -0.20159454038366675
5; 595 0.7652166531947769
   -0.7116772504523396
   0.4929247107356787
   -0.14036435540765524
   -0.8370812498033047
   0.645471413154155
5; 581 0.8192581973478684
   0.4616090143099427
   -0.7124824346974492
   -0.14129652036353946
   -0.6087010446935892
   -0.8332133735530078
   0.8901543524116278
5; 568 0.827169557760477
   0.9962023091502488
   0.1669658748432994
   0.5777548169717193
   -0.08032559417188168
   -0.0003718351945281029
   -0.550657426007092
   -0.5509383813478053
   0.3753704666160047
   -0.08033398818224669
   -0.4222451806999743
   0.41696593863889575
5; 589 0.8785663129685022
   0.8833768968470395
   -0.7394820153713226
   0.6015233676880598
   -0.8859807453118265
   0.054104470647871494
5; 597 0.9063185111242684
   0.9533598553389311
   0.7112606996670365
   -0.7375151352025568
   0.6679932349361479
   -0.4137174063362181
   0.2820380940102041
   -0.17090640170499682
   -0.18328672647476196
   0.4212533333338797
5; 591 0.9199185196989199
   0.9532407820224762
   0.47534904070198536
   -0.679251495283097
   0.6441783881746233
   0.8054023287259042
   -0.6656631538644433
5; 587 0.9704216872238479
   0.8364937729202211
   -0.1450836886651814
   -0.20697674388065934
   -0.47666071355342865
   0.854917501565069
   -0.5398022406734526
   0.9675933411344886
   -0.36670506559312344
   0.8193337470293045
5; 590 1.0541389018907934
   0.33241214137524366
   -0.6506167966872454
   -0.5433488758280873
   0.14105377532541752
   0.9755173726007342
   -0.8950131791643798
   0.2686403631232679
   -0.7123134261928499
5; 599 1.0892664876062799
   -0.539127382915467
   -0.22177739953622222
   0.663447963539511
   0.88160987989977
   0.5045616487041116
   0.03777512023225427
   -0.8317128573544323
   -0.5726332189515233
   -0.558622277341783
   0.1881329952739179
   0.02465095743536949
   -0.4887630478478968
   -0.9459065422415733
5; 588 1.3659016130344193
   0.7567409006878734
   0.6984633496031165
   -0.6787558039650321
   -0.7392652872949839
   -0.19694119738414884
   0.1316959555260837
   -0.7351053431630135
   0.9312277077697217
   -0.29896577214822173
   -0.8297586147673428
   -0.2648946070112288
   -0.5955627332441509
5; 593 1.5996810046657666
   0.51684227026999
   0.7968597603030503
   0.22955961525440216
   -0.7280892860144377
   0.03872916707769036
   -0.15803758148103952
   -0.06186433136463165
   0.4182791905477643
   